viewCount	likeCount	commentCount	cluster
45898	9178	365	0
72607	10547	289	2
52878	7484	918	2
10416	1817	154	0
13019	2434	194	0
12810	2283	215	0
53825	9881	156	0
77933	14339	147	2
55247	8023	196	0
39852	5615	331	0
21586	3565	265	0
12934	2152	199	0
13587	2991	253	0
52667	11577	285	2
66540	13384	206	2
48868	7824	124	0
28064	4514	133	0
47491	9327	1409	2
77159	13845	384	2
84512	16125	225	2
15909	2726	305	0
196266	18647	1220	2
58203	12050	321	2
61251	12702	128	2
64441	9934	160	2
30386	5510	223	0
25223	4703	415	0
11381	2607	172	0
124402	15927	428	2
115655	17037	128	2
42722	7580	152	0
14011	1600	104	0
7879	1720	231	0
8217	1367	197	0
74602	15890	281	2
42617	7649	224	0
112636	15044	364	2
48645	8577	223	0
35759	6018	336	0
45165	8842	250	0
84719	14981	172	2
51995	8622	297	0
10071	1639	186	0
60221	12611	355	2
53340	11250	122	2
46842	8491	135	0
5685	1078	42	0
20564	4539	312	0
67709	13698	576	2
64181	12620	163	2
63525	13682	815	2
29967	5248	110	0
24457	4831	129	0
20163	3597	353	0
35371	7175	393	0
7680	1507	52	0
9869	2567	221	0
42021	9402	214	0
76689	14837	204	2
44378	7624	90	0
25493	5542	840	0
45467	8421	426	0
13387	2943	207	0
49618	8668	174	0
103466	18733	178	2
99569	10341	174	2
40893	6691	68	0
25158	4885	284	0
14428	3762	407	0
50588	10064	252	2
42102	8602	147	0
81155	12647	125	2
63369	11291	555	2
8745	1708	70	0
4076	836	29	0
19737	4348	364	0
67796	14268	372	2
35716	7482	168	0
51894	8599	316	0
239164	16635	1855	2
10477	1541	311	0
52388	11219	225	2
59905	11905	141	2
41689	7192	88	0
8338	1478	79	0
12741	2530	249	0
31517	6831	198	0
36710	7551	139	0
69254	10286	130	2
8614	1539	51	0
7623	1256	96	0
48058	8981	312	0
64465	10091	95	2
35864	6028	113	0
34950	6107	1330	2
17722	2673	499	0
18474	3360	446	0
67486	10590	275	2
55984	11947	218	2
37902	6308	152	0
7064	1415	142	0
28717	4611	292	0
14618	2994	388	0
80355	10995	246	2
161484	15952	211	2
38742	6257	278	0
56484	8122	162	0
33458	5731	95	0
28205	5452	357	0
17061	3367	131	0
94088	15135	222	2
9445	1589	122	0
10643	2142	216	0
88514	12545	150	2
17663	2902	116	0
51681	7417	65	0
10625	1753	105	0
8333	1707	80	0
43904	8651	907	2
55298	9831	158	0
58115	11439	130	2
207536	17267	1110	2
33057	5919	89	0
22396	3475	42	0
104795	11591	405	2
28910	5750	167	0
23845	5617	443	0
29285	5772	89	0
37895	6603	79	0
40638	6795	172	0
7243	1252	151	0
17117	3421	143	0
45442	8026	1016	2
71484	10179	171	2
43074	8549	122	0
43130	6974	111	0
13497	2672	220	0
12555	2420	342	0
14967	3792	327	0
50834	10266	351	2
38979	7293	102	0
25920	5802	472	0
44628	7158	171	0
16337	2504	606	0
10173	1644	341	0
15238	3007	627	0
40166	7655	524	0
47931	9182	236	0
76175	14724	156	2
38540	7210	231	0
58182	9025	913	2
30902	5641	381	0
11620	1998	124	0
12391	3086	261	0
34526	6711	310	0
97251	17643	299	2
41029	6998	158	0
14913	2927	267	0
36993	7274	478	0
37582	8237	560	0
52583	10449	284	2
46502	9356	178	0
55622	8550	182	0
2507	395	8	0
14254	1783	448	0
16006	3861	152	0
71970	13570	246	2
56930	9745	147	0
23802	5661	510	0
55982	6446	587	0
17560	2431	50	0
16091	3842	304	0
40436	8944	303	0
40676	7354	129	0
15569	3130	380	0
14238	3194	324	0
24850	4955	153	0
24371	4678	410	0
34639	8252	885	2
93977	16068	318	2
67286	12223	268	2
39011	6964	239	0
29712	4751	220	0
8818	1580	188	0
23640	4633	263	0
35820	6939	192	0
370505	45800	4253	1
14865	2750	45	0
7259	1877	134	0
6065	1305	79	0
26629	5514	178	0
53755	8096	72	0
2620	530	30	0
6213	1236	262	0
36844	7200	282	0
12406	2523	114	0
69535	12912	166	2
38867	6597	204	0
1997	244	5	0
45382	8954	433	0
9489	2269	125	0
12153	2364	136	0
49755	8507	430	0
35367	7205	213	0
63477	10445	322	2
12436	2744	163	0
10123	1884	332	0
17269	3372	423	0
39149	7764	256	0
65571	10985	211	2
50353	8022	160	0
26209	4902	581	0
18250	4071	272	0
109416	18544	683	2
48937	9636	186	0
100427	12109	1002	2
38405	5771	140	0
104028	16972	321	2
23432	4343	141	0
34187	6066	647	0
54612	9925	213	2
64633	11685	195	2
73517	10670	318	2
2322	359	4	0
70284	12228	1164	2
588159	37202	2460	1
10192	2075	166	0
26155	3763	400	0
5596	1389	139	0
79809	13496	667	2
81988	13705	170	2
85459	13962	253	2
5554	957	50	0
122253	14569	351	2
63302	8849	78	0
4628	814	29	0
15746	2821	197	0
11350	2406	202	0
21509	4593	398	0
30133	6587	148	0
30689	6488	103	0
14052	3455	237	0
42242	6500	179	0
4608	664	34	0
9893	1946	239	0
24198	5991	366	0
95274	13556	202	2
48173	8250	201	0
13737	2751	175	0
77034	7984	646	2
16493	3676	498	0
68449	12326	294	2
35818	7062	252	0
66679	9655	180	2
12761	2894	297	0
15912	3157	380	0
33668	6225	209	0
12636	2752	114	0
84484	14278	358	2
245976	30266	358	2
53493	8434	138	0
9336	1917	60	0
4516	918	49	0
7495	1647	156	0
18144	4026	205	0
67945	11742	437	2
11200	2713	209	0
39482	6830	78	0
27331	4858	131	0
3491	794	124	0
5702	1085	109	0
8695	2141	131	0
76378	10508	330	2
66635	11234	141	2
48255	6929	133	0
13726	2184	67	0
21933	3627	290	0
10694	2045	124	0
16495	3887	342	0
12936	2183	193	0
63300	8726	175	0
21474	3463	185	0
38283	6757	259	0
7558	2294	277	0
31798	6357	175	0
250420	21610	259	2
7532	1605	223	0
126969	16282	229	2
10197	2019	371	0
111316	12766	211	2
85411	13476	150	2
36157	5886	100	0
11116	2219	168	0
33060	4868	392	0
5008	1136	65	0
42174	9161	292	0
148088	20784	200	2
14414	2994	208	0
75775	11265	212	2
4456	863	128	0
5683	1104	62	0
55725	10530	121	2
20906	4604	342	0
32619	6463	82	0
32098	6040	121	0
59406	12057	1168	2
47679	8249	137	0
36111	6586	64	0
41270	7608	74	0
6553	1163	69	0
30420	5955	106	0
51143	7550	67	0
29587	5613	100	0
14020	1685	108	0
20016	4499	128	0
20239	3465	391	0
11526	2331	391	0
33911	5578	162	0
49311	8883	187	0
54824	6774	54	0
11962	2483	82	0
63775	9549	131	2
7702	1466	150	0
2085	394	20	0
16381	3509	30	0
32635	4835	33	0
63815	10947	124	2
5714	1396	63	0
41394	6262	160	0
65175	6834	42	0
6154	1191	86	0
52343	8994	132	0
3122	620	55	0
6195	1365	89	0
18467	3591	61	0
130871	18025	192	2
3514	870	65	0
103149	14801	117	2
52297	7998	285	0
55922	8866	83	0
93304	14738	186	2
7836	2118	213	0
30897	5990	78	0
130772	16539	116	2
5553	1235	84	0
201599	17382	260	2
56298	8712	327	0
4314	1078	87	0
7628	1313	39	0
116584	10578	23	2
18151	2656	31	0
72353	9680	134	2
32601	3676	69	0
1809	390	52	0
67430	6999	58	0
227361	27283	303	2
35537	4427	82	0
331960	28446	350	2
23079	3275	28	0
20892	2695	240	0
30994	3699	40	0
